010101010011001100110110110100
001100101011001100101101101100
110010100100110011011010010011
001001010101100101100110101001
100110101010011010001101010100
010101100101001100110010011010
101010010010110011010010100101
100101001100101001001101011010
010010100101010110101011001100
001010110010010011010100110011
100101001010101100100101100100
110010010101010011001010011010
001101100101101100110100100101
110010011010010011001001001101
001101011001001001001011010010
110010100100110100110100101010
010101001010101010100101010101
101001011001011001001010100100
110010110100100110010110011010
011101001011010101100001010101
100110110100101010101100101001
001010010010100101010011000110
010101101101010101011011010011
100110110110101010110100101101
011011011011001100101001101010
011001101100110101010110010101
100110100100101010101001101011
010010011011011011011010010010
101001010011010110010101011001
110101101100110110110010100110
